3477410
2146272
2150923
2150924
2177993
2156954
2056789
2064051
2075044
2160997
2163505
2190522
2024120
2157051
2159140
2191091
2156395
2156913
1976580
1977904
1977907
2171762
2176814
2123362
2149706
2150927
2157030
2000348
2019251
2035779
2091102
2162466
2165569
2046862
2048424
2056784
2073940
2107543
2156391
2156792
2159770
2156922
2201659
2201768
1995191
2024511
2063295
2168288
2180352
2064040
2064042
2064044
2064047
2092077
2148008
2148011
2144557
2189339
2064546
2004700
2158642
2158641
2157783
2158575
2183381
2016431
2150302
2157782
1988783
2089201
1988183
2002689
2057758
2177599
2015475
2072547
1986049
2086565
2091478
2148262
2148266
2149887
2171752
2171956
2171958
2191111
2191116
2162786
2029624
2033890
2033891
2043542
2043548
2045047
2068484
2068486
2078855
2097241
2112844
2147798
2102016
2168222
2172487
2104158
2121392
2138714
2148319
2148321
2153452
2153458
2153474
2181916
2186473
2158541
2171998
2098930
2104725
2165555
2009327
2165991
2189934
2196795
2178302
2147871
1954565
1957122
1974935
2172701
2015399
2019866
2021689
2033517
2033522
2033523
2040740
2044044
2057950
2057951
2084959
2096130
2099086
2099099
2099109
2104165
2112881
2112890
2121390
2121393
2131780
2134891
2155862
2157038
2163534
2163540
2163545
2168280
2168283
2181918
2184684
2184689
2185579
2189237
2189242
2191300
2191513
2191516
1991884
2085365
2145328
2145605
2170246
2185472
2192413
2193914
2037745
2006467
2033684
2040046
2110854
2177589
2177594
2001878
2015403
2194573
2201586
2063298
2191221
2194465
2186401
2186408
2189447
2189449
2189454
2191863
2191867
2194460
2010230
2085353
2085361
2148309
2171042
2181506
2181323
1975975
1985394
1985396
1991072
1994612
1995562
1995563
1999257
1999259
2056782
2059791
2068064
2189439
2189443
2001024
2028737
2058100
2175901
2189929
2161511
2164414
2089845
2092817
2092824
2094729
2104722
2104724
2109370
2109430
2158579
2171979
2185370
2189257
2189921
2189922
2189924
2189925
2191223
2191226
2191229
2197902
2019081
2176470
1991594
1999271
2050828
2180371
2152003
1988645
2001400
2040034
2085920
2156407
2181609
2004186
2021373
2066066
2077417
2106365
2147246
2166862
2172754
2190663
2049530
2056029
2172760
2039011
2039013
2052643
2053094
2177609
2177610
2177612
2177613
2177616
2177618
1989533
2061542
2067321
2067522
2067667
2067756
2177308
2002604
2007059
2067690
2091496
2097372
2111355
2111360
2154462
2188430
2188433
2190119
2190120
2038326
2040689
2048406
2070141
2071398
2070759
2092073
1995248
1995249
1995250
1998546
2000978
2000980
2007141
2038330
2038333
2038336
2038338
2038344
2040693
2046343
2062471
2062473
2067768
2067769
2067771
2067772
2072006
2072018
2074024
2074029
2076369
2085377
2091488
2091492
2122218
2146816
2091486
2164470
2048426
2048427
2048428
2048429
2049200
2049206
2050597
2050722
2149416
2157515
2171791
2146824
2153787
2157724
2067496
2067775
2072043
2076118
2096059
2099114
2160956
2166146
2081565
2164904
2164909
2166147
2171488
2174125
2174127
2179198
2180525
2180530
2099154
2155000
2156983
2161177
2162350
2021701
2040714
2080182
2095531
2159541
2160162
2160672
2075235
2160895
2082789
2109768
2180356
2044433
2049003
2072567
2083839
2086740
2092787
2145539
2165794
2176419
2190463
2194389
2050270
1998540
2000496
2091128
2091129
2172979
2177903
2182779
2186230
2057779
2084955
2148045
2161802
2161901
2171912
2014307
2000494
2000498
2012051
2064992
2066180
2162462
2160898
1987163
2035813
2043484
2059629
2013249
1998935
2009480
2027004
2027009
2039385
2045080
2068222
2075109
1999687
2019376
2045076
2045086
2086718
2006483
2072139
2077320
2074920
2067785
2072046
2072050
2085951
2085960
2093342
2093359
2095688
2095689
2171476
2171483
2171513
2112290
2112295
2166242
2016274
2111969
2153511
2161603
2123161
1990949
2000543
2166227
2023346
2023347
2178404
2044456
2049008
2052259
2074921
2074923
2111950
2144859
2158921
2162773
2171982
2171993
2172503
2173266
2175887
2185594
2068839
2082492
2166246
2166214
2081384
2095687
2122198
2201022
2201027
2204312
2018871
2021281
2158269
2189941
2191051
2189952
2191052
2074859
2076666
1991851
1991857
1999451
2000004
2001835
2053741
2064776
2064782
2069425
2069432
2072001
2073997
2078368
2175065
2188068
2202497
2110770
2110872
2151212
2157502
2172598
2173961
2184644
2154906
2070133
2167467
2189680
2190057
2193866
2196264
2196269
2189679
2154055
2157786
2157788
2160789
2163494
2163499
2172865
2179628
2179630
2184032
2193820
2195250
2202467
2014991
2018596
2025936
2025939
2026051
2031127
2033702
2033705
2035611
2037829
2043770
2043774
2043835
2043977
2045977
2049421
2069017
2070153
2076819
2091086
2181889
2182101
2187425
2190475
2191094
2191098
2199664
2205109
2021276
2051304
2052657
2053332
2189251
2191141
2074000
2080991
2081206
2151412
2156588
2156589
2160642
2164259
2170124
2171473
2181078
2187426
2192861
2195863
2205281
1998863
2019088
2023063
2038705
2055787
2061011
1981177
2009310
2010304
2039595
2039596
2068032
2068035
2170816
2170818
2170819
1990798
2006257
2040738
2063294
2153573
2161097
1980267
2009386
2162954
1987938
2001872
2043226
2069538
2073979
2079062
2167251
2175067
2177897
2191317
2000962
2038974
2083042
2151496
2021773
2043534
2057939
2077333
2011260
2018156
2072068
2068476
2092269
2144845
2148063
2149910
2152549
2173763
2183664
2187279
2189630
2191327
2193499
2196033
2005448
2013066
2015366
2025350
2029234
2041592
2046039
2049857
2052521
2062899
2083026
2092763
2150344
2157340
2188809
2190923
2191284
2191293
2205105
2159785
2041670
2042976
2047288
2050588
2092700
2093513
2093514
2093516
2095717
2096734
2151369
2151370
2156345
2164461
2170812
2172997
2174040
2174041
2180927
2186374
2037833
2006495
2056982
2159829
2171439
2173742
2175806
2176773
2176915
2033526
2109326
2167800
2013069
2071795
2076457
2081393
2083623
2093041
2149696
2172715
2003157
2068473
2105723
2160069
2162963
2181874
2189629
2021255
2049325
2186836
2109420
2005051
2025990
2033524
2043037
2044036
2166144
2169434
2192765
2199710
2095973
2095977
2023072
2026734
2026738
2038702
2151285
2166370
2055808
1990348
1998257
2005499
2026899
2153556
1998422
2003722
2033977
2072074
2185581
2186225
2188805
2055376
2058414
2061558
2088018
2099078
2107293
2143033
2157028
2163171
2165561
2180526
2151365
2091784
2092703
2092706
2093518
2095984
2151366
2154020
2156349
2164466
2024501
2005049
2043027
2097384
2015393
2078847
2192764
2197873
1996883
1989700
2075588
2076093
2166375
2043892
2056796
2156057
2166684
2170820
2170822
2171568
2174032
2174035
2174602
2178726
2182619
2185464
2199682
2204465
1986949
1986951
2060734
2075082
2075083
2097723
2097725
1993689
2013281
2013529
2019477
2033602
1998923
2063456
2068212
2097244
2168229
2172483
2181871
2183671
2183673
2184867
2187023
2187281
2189646
2191340
2191343
2193502
2193505
2196037
2196039
2021256
2051609
2022739
2002874
2091138
2002899
2043884
2068039
2068045
1991547
2033726
2158609
2153435
2153442
2156661
2159098
1985307
1985855
1986330
2001017
2002901
2017527
2039589
2067909
2067916
2067923
2067926
2086526
1979822
1986017
1989703
1998928
1998930
2004695
2006477
2021783
2202754
2018881
2023379
2037846
2049307
2057289
2066507
2092744
2093486
2109317
2153570
2155867
2155872
2157434
2158287
2185465
2190634
2202756
1983886
2067941
2146126
2187604
2004519
2008213
2008807
2042091
2043005
2044103
2083044
2050411
2096058
1999680
2017142
2025974
2022743
2025952
2043881
2055796
2020938
2055797
2055798
2042085
2043007
2097574
2098605
2152186
2156911
2157575
2157577
2159508
2161442
2019370
2019374
2026990
2026998
2026999
2033876
2033877
2033878
2035808
2035810
2039382
2043471
2043473
2043478
2045063
2048518
2059603
2059616
2059928
2061802
2068213
2068214
2068215
2072135
2092521
1969900
1984355
1986326
1987412
1987936
1993732
1996471
1997839
2000963
2000965
2005040
2006363
2013074
2037864
2038312
2040723
2040727
2043012
2065093
2067912
1986546
1994261
2033733
2037842
2067155
2048503
2048520
2068220
2072125
2072129
2075108
2080388
2092523
2092527
2092533
2092535
1993416
1999683
2006479
2013245
2013246
2026994
2027002
2043481
2089212
2093337
2160701
2167804
2193370
2156614
2153563
2167348
2157243
2147882
2149708
2149905
2157245
2157249
2157255
2157257
2157262
2157263
2157564
2163441
2168227
2170221
2171590
2177273
2004197
2097583
2033735
2154009
2156041
2156610
2017140
2026992
2068188
2168462
2167355
2174679
2174707
2178392
2179263
2179787
2151428
2151431
2151434
2167350
2174627
2015389
2054707
2057281
2058117
2085929
2193825
1949679
1989518
1997846
2002609
2004366
2019252
2044095
2058125
2059961
2065090
2066512
2066906
2078844
2145334
2149671
2179783
2199679
2018166
2062487
2075041
1890727
2017530
2017532
2048423
2048431
1988535
2043901
2173159
1976016
2018628
2031117
2036008
2112670
2158944
2184616
2201582
2206056
2027725
2091136
2096815
2132893
2092736
2175880
2179853
2184876
1969909
1969941
1971794
1971799
2051844
2054621
2056984
2078374
2201764
2024331
2087707
2010451
2173904
2187178
1971973
2080901
2170284
2185189
2168276
2209746
2075558
2092714
2152032
2154690
2154693
2189333
1969935
2010325
2012401
2050237
2164685
2165570
2082831
2097248
2189332
2192303
2193860
2204523
2008145
2183887
2153288
1998797
2006208
1983892
2019010
2035768
2038347
2038707
2038952
2038957
2038958
2039470
2043245
2043246
2043250
2043251
2044009
2046354
2057250
2060723
2060726
2060733
2062463
2064997
2065080
2067300
2067315
2067777
2067779
2076443
2076445
2153284
2158831
2159039
2159072
2171805
2177582
1986189
1991591
2004271
2033788
2033999
2044535
2050831
2157332
2165385
2167756
2171055
2038949
2039468
2056320
2058114
2067281
2067762
2072091
2016492
1986187
2158828
2159096
1992647
1999155
2003514
2123368
2153793
2156923
2167334
2173740
2011686
2043998
2046355
2001396
2042222
2044537
2002693
2006474
2011147
2054693
2055372
2067997
2153754
2156176
2163156
2166707
2171525
2175292
2179269
2180357
2183389
2191501
1996873
2001005
2009598
2011688
2050467
2161781
2162441
2162952
2201054
2151217
2164667
2165031
2167802
2203654
2035567
2037741
2144168
2147514
2177759
2020897
2020901
2150351
2185886
2190462
2148387
2148393
2148395
2148397
2153413
2165386
2194312
1994361
2006210
2172189
2162459
2159029
2166934
2016041
2016434
2085942
2157234
2158977
2158979
2180604
2191670
2075796
2076414
2077702
2077708
2077713
2081194
2081197
2085346
2086557
2088004
2097077
2111086
2157899
2184035
2184037
2166928
2151474
2158447
2098406
2150540
2180368
2186428
2049006
2067980
2092795
2110104
2019114
2152045
2058129
2065084
2066503
2067491
2072531
2019116
2033992
2067983
2098117
2150582
2187995
2194811
2055340
2147855
2159279
2186172
2179195
2180116
2185971
2188466
2092804
2000968
2000971
2192150
2192389
2050843
2167798
2187598
2159768
2191267
2094992
2111396
2143403
2159050
2004605
2009518
2009734
2033529
2033981
2039189
2042203
2048600
2077307
2002598
2011281
2171448
2203061
2001772
2043223
2062461
2071799
2075048
2084520
2091155
2099051
2148235
2149796
2155849
2161697
2166702
2167768
2175415
2178342
2057287
2060753
2064574
2064576
2065030
2065054
2065061
2065067
2067467
2067471
2074028
2075799
2075802
2075852
2075854
2079928
2097442
2143424
2147650
2153766
2153768
2155894
2165341
2165343
2171470
2172077
2176677
2178388
2040734
2096120
2153467
2176484
2184139
2195906
2197913
2011247
2043022
2049293
2081402
2190524
2081400
2166209
2176480
2172456
2172457
2198164
2097447
2144163
2196539
2189917
2189964
2189970
2189974
2206068
2045908
2064941
2066983
2076816
2095751
2098340
2164034
2167328
2191128
2197813
2169885
2189778
2197818
2110720
2089753
2091515
2146259
2035751
2150811
2171874
2175632
2176380
2015368
2088014
2002332
2071781
2178679
2185933
2104335
2108736
2143026
2008208
2176206
2181236
2181393
2188819
2190485
2193892
2196398
2201013
2201017
2112091
2112287
2157382
2187438
2054281
2065025
2176201
2177995
2179858
2181399
2181761
2188915
2188927
2190483
2196400
2042186
2078869
2081220
2081221
2096790
2143168
2155764
2162684
2172199
2178410
2044053
2029673
2042188
2052268
2055976
2061388
2076103
2163233
2177994
2180751
1988651
2008474
2052264
2021683
2034228
2180354
2181567
2195006
2202759
2085933
2167345
2186300
2037727
2185172
2191297
2055971
2033457
2095754
1995170
2063878
2082812
2144441
1993724
2066986
2201045
1998867
2002461
2064772
1992287
1992381
2037871
2148269
2153270
2143880
2165248
2037873
2089765
2098343
2191439
2165576
2172279
2171794
1991572
2012528
2034254
2043105
2045746
2051233
2098473
2102531
2153263
2193377
2085932
2148289
1987422
2067114
2162430
1979170
1995346
1996487
1998262
1976970
2056687
2043046
2047612
2046372
2147646
2168901
2159293
2161780
2175859
2187715
1973185
1989033
1999540
2092227
2108764
2109379
2194138
2204331
2082489
2158595
2092228
2144503
2180359
2169937
2043227
2048184
2080179
2085092
2100101
2005931
2033446
1984439
1995606
1998533
2006409
2093051
2096299
1975339
1979847
2001715
1988495
1995618
2005326
2185155
2185159
2150306
2155050
2156281
2156284
2159274
2161371
2161374
2161437
2164522
2171019
2173735
2174551
2175946
2178682
2182597
2184123
2187176
2092091
2096511
2178877
2008835
2068444
2167342
2192471
2193394
2193395
2171800
2174591
2183412
2202755
2194641
2195255
2198542
1988496
2199674
2053678
2066912
2067130
2083821
2165790
2170123
2171748
2181569
2181570
2183888
2183890
1993375
1995612
2197029
2199683
1998574
1998581
2024696
2044449
2058111
2087230
2101129
2191444
2147868
2145416
2158811
2165393
2167067
2092093
2092223
2101073
2183299
2183359
2190930
2194999
2204333
2078886
2081228
2082809
2083842
2098897
2109797
2146124
2148559
2151058
2161189
2165791
2170643
2177247
2027223
2057943
2059018
2063324
2068555
2092313
2105730
2172464
2033436
2033439
2041064
2041071
2045997
2046004
2048610
2053221
2080175
2143767
2028872
2164699
2010226
2010228
2024508
2069104
2085097
2105702
2143759
1979175
1979185
1982352
1984427
1984433
2004039
2017092
2018616
2024531
2029246
2035070
2043239
2043256
2043989
2052296
2079053
2190530
2192177
2083841
2083846
2192462
2196624
2067463
2067735
2069439
2075062
2086978
2086991
2087000
2109374
2143438
2143444
2146629
2148294
2153760
2164134
2171465
2181508
2198083
2199174
2166515
2171910
2198531
2153400
1976952
1976959
1986550
2011257
2012471
2012472
2012483
2012486
2018876
2077338
2098525
2187310
2187433
2012491
2105728
2024336
2159594
2006405
2171625
2146266
1990237
1996514
1996520
1996526
2003210
2003292
2005481
2007326
2009955
2011256
2012513
2012517
2014064
2015001
2015003
2015375
2016037
2017056
2017356
2020586
2020590
2020593
2022759
2024130
2030988
2031134
2033582
2042112
2049430
2050534
2190364
2158597
2092090
2155009
2156268
2186841
1954662
1985881
2044058
2162266
2150920
2150921
1988691
1998789
2000091
2044541
2048106
2052251
2065584
2075600
2051097
2008239
2012543
2027182
2033889
2043537
2060334
2063291
2078840
2193391
2037604
2043974
2058407
2072077
2087411
2088011
2091132
2093639
2158840
2172003
2172695
2173458
2174785
2041687
2153790
2153791
2160055
2166674
2166675
2176006
1975452
1999672
2061545
2196934
2009379
2028997
2051310
2001038
2056691
2058405
2058448
2060742
2063858
2067895
2073693
2076130
2076450
2077700
2080177
2081405
2081476
2083024
2086018
2175489
2181734
2109322
2112871
2143300
2143306
2143837
2145664
2151482
2158455
2161693
2011966
2013591
2014986
2014987
2021384
2022746
2023649
2025224
2187487
2160847
1961526
2054556
2020030
2041682
2017136
2033903
2039380
2068546
2092308
2109294
2112717
2152193
2168225
2193519
2170220
2170225
2109293
2110959
2110986
2065096
2076285
1987158
2183681
2183686
2183865
2183867
2183873
2153814
2153841
2187283
2187285
2187290
2187295
2187300
2017131
2147887
2147893
2193510
2077337
2019393
2068449
2165032
1998729
2006283
2016505
2072776
2086515
2089181
2094712
2104081
2105317
2109362
2145438
2154992
2165788
2173462
2173566
2175878
2180364
2187221
2192322
1980585
2151345
1995095
2151342
2000057
1977897
1982700
1985859
2170793
2151340
2164431
2180537
2183488
2183490
1972815
2035556
2110829
1976019
1985858
2183492
2191883
2082815
2159896
2189437
2192617
2192624
1977609
1985857
2151313
2151315
2151329
2151332
2151335
2151336
1967054
1986193
1987441
2071599
2072771
2072773
2184909
1977612
2151318
2151322
2151326
2164434
2164435
2082500
2082488
2082478
1991872
2008476
2033777
2033778
2039039
2044510
2065562
2065564
2039587
2042961
2043871
2046770
2046774
2050584
2051454
2065529
2076088
2076687
2076688
2076689
2095723
2099413
2105574
2151280
2161398
2046775
2046776
2046779
2073935
2073937
2073938
2073939
2080920
2086463
2086467
2086472
2089154
2093257
2102429
2103038
2170765
2170766
2171766
2055706
2006446
2020155
2038701
2051424
2058888
2033774
2042194
2042196
2064553
2068803
2081225
2020947
2062000
2062002
2068420
2068421
2068997
2068998
1988550
2044517
2171976
2008221
2017548
2043230
2071804
2020941
2020943
2025950
2041659
2041660
2041661
2056822
2056825
2061336
2061338
2061341
2062004
2062011
2062015
2062018
2176771
2176776
2176787
2003297
2012377
2024500
2031902
2053026
2058039
2068422
2040833
2041658
2048420
2048421
2056828
2003792
2105565
2065003
2157813
2084993
2084991
2084994
2157809
2157810
2171809
2171810
2171813
2185485
2003313
2156321
2012374
2024908
2035074
2051457
2051459
2051465
2051467
2051474
2065516
2065527
2068075
2165240
2065568
2065571
2065572
2019100
2019101
2038698
2043867
2043869
2065510
2160850
2160854
2007450
2012530
2175317
2024909
2093859
2094718
2112749
2147470
2147694
2150591
2156146
2196616
2189467
2189468
2189472
2189475
2189481
2074901
2074902
2074904
2074908
2074909
2084982
2084983
2084985
2084987
2084989
2189491
2187092
2076701
2076703
2076704
2076705
2191854
2187230
2153560
2089168
2097445
2153558
2153562
2074893
2074895
2074896
2074899
2153555
2160871
2160874
2110692
2158807
2181564
2105245
2146783
2146806
2161508
2201770
2205120
2187114
2187116
2189484
2189485
1830913
2101999
1987430
1987432
2021778
2027016
2027020
2027024
2035817
2043486
2043500
2043501
2045088
2048524
2048525
2048541
2048543
2048545
2059607
2061803
2063463
2068224
2068242
2068246
2072145
2075111
2075112
2186799
2191437
2193524
2181740
2195873
1986032
2168236
2183239
2067954
1982520
1982525
1982620
2175623
2195027
2196646
2196649
2172691
1979807
1986023
1998941
1998946
2009483
2009485
2012535
2019377
2043510
2068249
2101980
2101982
2101993
2144164
2072148
2080390
2080393
2082817
2082822
2083182
2092547
2092550
2160095
1956936
2046379
2064561
2086513
2089177
2092182
2186198
2186834
2098422
2098426
2098566
2105713
2109306
2110950
2112360
2112836
2145710
2147965
2148058
2149915
2149918
2152537
2152555
2155302
2155768
2157251
2165037
2165262
2165271
2168231
2168233
2170222
2171086
2171596
2173713
2173755
2175584
2175593
2179790
2179794
2182109
2191466
2158823
2159393
2165566
2174786
2181326
2181327
2188400
2150283
2150284
2069183
2069184
2069186
2069189
2166404
2166562
2168659
2171895
2185468
2194160
2198582
2181823
2184458
2184459
2189671
2189676
2196042
2196045
2198173
2046367
2062493
2171658
2173706
2178395
2179265
2179788
2161309
2168644
2172822
2202232
2208277
2208278
2209153
1996879
2018880
2012288
2027161
2046376
2052551
2089175
2082785
2104070
2186197
2189324
2158746
2164744
1991876
1993419
1998937
1999698
2002205
2004704
2004709
2006487
2009481
2011354
2017153
2017156
2027021
2027025
2029617
2033881
2033882
2035819
2035823
2043507
2045090
2059618
2059935
2068236
2159087
2159091
2186202
2158748
2164745
2164750
2148212
2208997
2210234
2048430
2053170
2104754
2104759
2104747
2104752
2158772
2170807
1953882
2202231
2166331
2105758
2111480
2145341
2165371
2171884
2171889
2193374
2189238
2189241
2192354
2192355
2189235
2110694
2155251
2185207
2162922
2180734
2187490
2191131
2191132
2192693
2192696
2105225
2110698
2112672
2151612
2151690
2155252
2177899
2180322
2180328
2180731
2184618
2196444
2180314
2187101
2187105
2192342
2192345
2192348
2192349
2192350
2192351
2012533
2023060
2029110
2036014
2041674
2043899
1988178
2082796
2085937
2095683
2184142
2105287
2184621
2055380
2065560
2190026
2190030
2067902
2110705
2145425
2148043
2148230
2150929
2155459
2161512
2163526
2165397
2171113
2179207
2191852
2191853
2193903
2193923
2193927
2194574
2196412
2196413
2033748
2065558
1956935
2016088
2092046
2092243
2110719
2110723
2158098
2198078
2201092
2172814
2185176
2191512
2203471
2157801
2160884
2097432
2097433
2097435
2097438
2097443
2157796
2157800
2160885
2173460
2187087
1986328
1991578
2092238
2017529
2036013
2189453
2148226
2181238
2182889
2191134
2074885
2074887
2072768
2033779
2039046
2042217
2053650
2074931
2075597
2145541
2156630
2162697
2162769
2163234
1988554
2055969
2055973
2078879
2155046
2146808
2146810
2150825
2154870
2160764
1987934
1992872
2001837
2043031
2047590
2055914
2092753
2162116
2052007
2067993
2086501
2140323
2161987
2001030
2004456
2024684
2085341
1998260
2001560
2002230
2003534
2152980
2181816
2191477
2191479
2056975
2110965
2149922
2151072
2160109
2184869
2166213
2068015
2178399
2001028
2007138
2024543
2024689
2035063
2040142
2043234
2072539
2092062
2156933
2166574
2184614
2188570
2050773
2050778
2056471
2175234
2053127
2105774
2188672
2188674
2030746
1966078
2000083
2004213
2030741
2059436
2059441
2059447
2059449
2061795
1990680
2143621
2143622
2143631
2158556
2173957
2173958
2199662
2146072
2146076
2184001
2184006
2092439
2016602
2033887
2035793
2091967
2172693
2190926
1937395
1957219
2189601
2190515
2178698
2177715
1957217
1991882
2017524
2043532
2048478
2059632
2061440
2063470
2068469
2082824
2082829
1986036
1984697
2019747
2039004
2047646
2060303
2178396
2178700
2189613
2104354
2104358
2105227
2173913
1995580
2005444
2097088
2098331
2098624
2098634
2098663
2110729
2122196
2147489
2147495
2148252
2150777
2165578
2169557
2170235
2177311
2177313
2189546
2189551
2191090
2192867
2196411
2201011
2164690
2042097
2066953
2075269
2083626
2088029
2089732
2095759
2157425
2160780
2080888
2151779
1980584
1988509
1995099
2016401
2020950
2023056
2025955
2056993
2055668
2158466
2179109
2179112
2180351
2189233
2189609
2191279
2158602
2174776
2020032
2020034
2025830
2026098
2026124
2029265
2040694
2058406
2060731
2055977
2074927
2076698
2143284
2180367
1996325
2043051
2064980
2145995
2147900
2191915
2196090
2100107
2091123
2095401
2188384
2188389
2202758
2179951
2106714
2192694
2197821
2204339
2097357
2110324
2066944
2172191
2171118
2023651
2071792
2076453
2081864
1994609
1991863
2057947
2188001
2162463
2172072
2179946
2179947
2180882
2180938
2182711
2191886
2191888
2194430
2035324
2052287
2055913
2067789
2087721
2172080
2173466
2201098
2009771
2024923
2039200
2041589
1987567
1987574
2098288
2172804
2175654
2187601
2188798
2191272
1991892
2004395
2054642
2077715
2175678
2089735
2089736
2163938
2166703
2177896
2089738
2111321
2156352
2156356
2156358
2156359
2156363
2156365
2156367
2156369
2158774
2164468
2170627
2170629
2170632
2170635
2174359
2174362
2174366
2176808
2180929
2180932
2180935
2180937
2183854
2183856
2183858
2061624
2094965
2094968
2096283
2096286
2099066
2178336
2178689
2178855
2181391
2191110
2196008
2196012
1986336
2017066
2021254
2026028
2071789
2084969
2086519
2091118
2186825
2195869
2095724
2187450
2044371
2044447
2055980
2169949
2169950
2169951
2171061
2155041
2172075
2173919
2006451
2033411
2040112
2066952
2082501
2095761
2160046
2188448
2072526
2006488
2148046
2170638
2048194
2085099
2094983
2101224
2167249
2188053
2188060
2190112
1987419
1999873
2162436
2168897
2002614
2050533
2073985
2110693
2110697
2148591
2151415
2164410
2164411
2167136
2183347
2101184
2171450
2003840
2005489
2009761
2009766
2020031
2026916
2033971
2043985
2061618
1986175
1994357
2067986
2151059
2166405
2005506
2029267
2033983
2069536
2072780
2078584
2181737
2151485
1968848
1987150
1987152
1987154
2009373
2033361
2043885
2057340
2157429
2053641
2062028
2086742
2172093
2149434
2156302
2016449
2023393
2105291
2023395
2081223
2101518
2162691
2166782
2174932
2187217
1991869
1974671
1989724
2072117
2195594
2199127
2203440
2153723
2153725
2191133
2199116
2204336
1979827
1986121
1987200
1987202
1987208
2068298
2086714
2161762
2165272
2168238
2157260
2183530
2187263
1992393
1998536
2033718
2033721
2040719
2042993
2054666
2066186
2067961
2106698
2068299
2172497
2187029
2187034
2191474
2199774
2209686
1969930
1989961
1999547
2035581
2188821
2015869
2099121
2170271
2177267
2191472
2105221
2106658
2155249
2165273
2187495
2187498
2201766
2152983
2181820
2191652
2155777
1976065
2011276
2030994
2041990
2046044
2151606
2157230
2164670
2178722
2181043
2181046
2181537
1991553
1995412
2020160
2033712
2037851
2042995
2043000
2047599
2060991
2112866
2154698
2170279
2175603
2183413
2193823
2201080
2181738
2188436
2191441
2192305
2192308
2011277
2026795
2031133
2207508
1986087
1987175
1987178
1987181
1989707
1991885
2000527
2045008
2059924
2061835
2092326
2092479
2092501
2095147
2095154
2095493
2099455
2102113
2102117
2102126
2102128
2109852
2144985
2146136
2146149
2146356
2147929
2147931
2148019
2151074
2155297
2155771
2160087
2162965
2163428
2163434
2164866
2167420
2167423
2171741
2173731
2187035
2187251
2187258
2191475
2193488
2193495
2043025
1995381
2002885
2009309
2017541
2020598
2029239
2184635
2199119
2167417
2177720
2183528
2187238
2026967
2026969
2029647
2033910
2033911
2035967
2043459
2043465
2045038
2068305
2075118
2092508
2144837
2152542
2155295
2171078
2181878
2183649
2026985
2082841
2174938
2000535
2009489
2009494
2016575
2021851
2026972
2033905
2035965
2039398
2068296
2082836
2086707
2092495
2102052
2102060
2102065
2109859
2163425
2199764
2092506
2112764
2169539
2183646
2187028
2191309
1995394
2009313
2092335
2092461
2092665
2095117
2095152
2109296
2112601
2143677
2143683
2159282
2164040
2171499
2173163
2181324
2181325
2186176
2189544
2189576
2205131
2175582
2175588
2177250
2177258
2177260
2177263
2186805
2187267
2187272
2187277
2191307
2191471
2191473
2043355
1998950
1999710
2003158
2004711
2004714
2009395
2009396
2011334
2017115
2027175
2029621
2033886
2039088
2043513
2043518
2048476
2056967
2061815
2068461
2146140
2165046
2170219
2173708
2183527
1984326
1995351
1995371
1995408
1996537
2022768
2095426
2096055
2096522
2096525
2112641
2149797
2154061
2163643
2165278
2182603
2182605
1991888
2002215
2009496
2017169
2039404
2043455
2059909
2068285
2086712
2098428
2101940
2146613
2034632
1994522
2007137
2032078
2068993
2072024
2078370
2072032
2075067
2087007
2154109
2157300
2161588
2168385
2168387
2177486
2182601
2183349
2183351
2183352
2187483
2191100
2196010
2200558
2200987
2201877
2203447
2162916
2173478
2163511
2163516
2163518
2166187
2171494
2171508
2171510
2200985
2020960
1975280
1981738
1984387
1984403
1986937
1986938
1988457
1988632
1989025
1996531
2010986
2021866
2021871
2023375
2031147
2031918
2032084
2032086
2038967
2016589
2016595
2027167
2033883
2033884
2035791
2063469
2068453
2075098
2092252
2102082
2109308
2174123
2183526
2026982
2039407
2075113
2174116
2181890
2183529
2187243
2201042
1984421
1987987
1987993
1989024
1990351
2003212
2032160
2033420
2034218
2034943
2035767
2040155
2040157
2043236
2050525
2051317
2069443
2069450
2070147
2072023
2091471
2093074
2093096
2095547
2122011
2122180
2122194
2145992
2152185
2153419
2161149
2161596
2164790
2167064
2171462
2175193
2175847
2177493
2178694
2189498
2190225
2191103
2192416
2193818
2194988
2194993
2203624
2011149
2072169
2173767
2187304
2191667
2195759
2196407
2198642
2203432
2039094
2092257
2172495
2175590
2181754
1986083
1986093
2080367
2082839
2097239
2102104
2181887
2011279
2018603
2046041
2046365
2048418
2059125
2067904
2067907
2089216
2143652
2143661
2182614
2186064
2012721
2028758
2048945
1998955
2098350
2098652
2159281
2161581
2173971
2176675
2162917
2152562
2177721
2191657
2029220
2038963
2042106
2042187
2046015
2046324
2046328
2050490
2050951
2050953
2058135
2063306
2063485
2112646
2152182
2160706
2171130
2175835
2199161
2199166
2000530
2004722
2026965
1986077
2017164
2019751
2021855
2026959
2033904
2039388
2043348
2045011
2045012
2048466
2056965
2006492
2027170
2163585
2168218
2168220
2187231
2189620
2189622
2191305
2193484
2195618
2199755
2171905
2182606
2002903
2006448
2059290
1999885
2029697
2031144
2170779
1992619
1996474
2170782
2170784
2007453
2010307
2010972
2012395
2016405
2017537
2018251
2020157
2023671
2036195
2046825
2046839
2046854
2046859
2064032
2064038
2065536
2068999
2072799
2078821
2078823
2104771
2104774
2107562
2151294
2151306
2156280
2158760
2158762
2159772
2159777
2159779
2164430
2170772
2170776
2192701
2150339
2171953
2156961
2063631
2076814
2086394
2121535
2147681
2156094
2157561
2163552
2020546
2060474
2065969
2163573
2031740
2027442
2027445
2029695
2047050
2075050
2081386
2081387
2089778
2145325
2203069
2044440
2045893
2045897
2062432
2071815
2099057
2179096
2182463
2049431
2180528
2104039
2156066
2156067
2158776
2171577
1988538
2047284
1960433
1972839
2033681
2087985
2088000
2146624
2148426
2148437
2150332
2167684
2167762
2167807
2169916
2171445
2171946
2174801
2175318
2176234
2194571
2082509
2082510
2187070
2187071
2003298
2008223
2145405
2104735
2106686
2172067
2046790
2046792
2151299
2151302
2188409
2192594
2011246
2012378
2039591
2039593
2158766
2170769
2181244
2171602
2176692
2093728
1949947
1972335
2158764
2164437
2164438
2191881
2192553
2166786
2178406
2178801
1949954
1972338
1976005
1977617
2003300
2159080
2145413
1939654
1940628
1949960
1949967
1949969
2158775
2001716
2019286
2056819
2158836
2158838
2166704
2166706
2145423
2151479
2186773
2165565
2171801
2181430
2186302
2018157
2110859
2150287
2186065
2050594
2051436
2055780
2055783
2056780
2059283
2061017
2062311
2089160
2174081
2106652
2106728
2111021
2079072
2089207
2158960
2158973
2042143
2042144
2105143
2145542
2185592
2049904
2056019
2070766
2082778
2101093
2186781
1966098
2098496
2006453
2048425
2058893
2058894
2058898
2068077
2068081
2095722
2099954
2164469
2174076
2197926
2166211
2161576
2161577
2164753
2164751
2167852
2159078
2164702
2180988
2148548
2148551
2148555
2149511
2149518
2149527
2149528
2183627
2189586
2158755
2042150
2072564
2172202
2042159
2049000
2109433
2112922
2158968
2161711
2151372
2203272
2203276
2203278
2018343
2056776
2056769
2085881
2086477
2091779
2155824
2155830
2176678
2179205
2189419
2198193
2037890
2037894
2093348
2000093
2011330
2197599
2197825
2197827
2198535
2198539
2194616
2198556
2198596
2146637
2173912
2175939
2176655
2182893
2013153
2044885
2055730
2055739
2095475
2051910
2055769
2060997
2061321
2061994
2068058
2095479
2095481
2151348
2159780
2174020
2174023
2075604
2152526
2152990
2171744
2175597
2184872
2187301
2189658
2199779
2066956
2091157
2171121
2188186
2009806
2018162
1999596
2001368
2019765
2194610
2194613
2198547
2198552
2203639
1984686
1992423
1992439
1992446
1995376
1995378
2018361
2074006
2074008
2076424
2076440
2078372
2084528
2085356
2086981
2091460
2095564
2095570
2099090
2143373
2143377
2143382
2143449
2143884
2154702
2157729
2162950
2176228
2196933
2171797
2176762
2175412
2179632
2037884
2040131
2040137
2071811
2071812
2071814
2071818
2075280
2075814
2093344
2093354
2095743
2096163
2100089
2111415
2123523
2143590
2161037
2170117
2171058
2178677
2183357
2009404
2010312
2013148
2013152
2025957
2036012
2051913
2055772
2055774
2055777
2061008
2061323
2062298
2068423
2069001
2085888
2151346
2151351
2172184
2174016
2188424
2188929
2189499
2189534
2189540
2189542
2035060
2095766
2154689
2171124
2193136
2193138
1969299
2070433
2084521
2090093
2105788
2105844
2151064
2154868
2157035
2171751
2174833
2033461
2163523
1984683
2018604
2024126
2024670
2078371
2154302
2190529
2192418
2193230
2029286
2029289
2043231
2158462
2067231
2075277
2076114
2077308
2089768
2089775
2095742
2095745
2095746
2095747
2105784
2111430
2123647
2183356
2192178
2147503
2149705
2161904
2164734
1998743
2043219
2089833
2089841
2178885
2179657
2187444
2188652
2190064
2173754
2143982
2144170
2146822
2159286
2159287
2164073
2171481
2176913
2180331
2182894
2199177
2199179
2005577
2033363
2159783
2038947
2041669
2059797
2059951
2062357
2067473
2069012
2076691
2076693
2076694
2151361
2151360
2151501
2156332
2156336
2156338
2156343
2164450
2164464
2170798
2170801
2170803
2170804
2170805
2173485
2175039
2175044
2175046
2181789
2181792
2182697
2184651
2205381
2181319
2067696
2072020
2074013
2075055
2164140
2171502
2172716
2175072
2176909
2191113
2192316
2203063
1985869
2017540
2035080
2055795
2059800
2059803
2076690
2151353
2160646
2164444
2174354
2174355
2181953
2186026
2181407
2194645
2195038
2195604
2197831
2199154
1980594
2159781
2035076
2053157
2053159
2077311
2077312
2099350
2156326
2156329
2166681
2108762
2147505
2149675
2157006
2175665
2178842
2023369
2042970
2151509
2151511
2184648
2189942
2175070
2182888
2187497
2095411
2095413
2108748
2108752
2001720
2004375
2005572
2010975
2019110
2020159
2025961
2048606
2049434
2143235
2143237
2152382
2167069
2172818
2175048
2177078
2181408
2000488
2000489
2002879
2003215
2003220
2003222
2003225
2006368
2010516
2018613
2022299
2027776
2027777
2031742
2033432
2053152
2053708
2099358
2105556
2159774
2083848
2083849
2086752
2086753
2086755
2171990
2179656
2183495
2185201
2187607
2192206
2194163
2016487
2026312
2029623
2045407
2078871
2094219
2162699
2163228
2166775
2169955
2173698
2177991
2184670
2190467
2189307
2189311
2004274
2078875
2171986
2188900
2189323
2026311
2072763
2074932
2189301
2078873
1978389
2110851
2145312
2070768
2081218
1987976
1999588
2005052
2024918
2026909
2042229
2043244
2046336
2046337
2046340
2046345
2008225
2031900
2035561
2023125
1999893
2046349
2048613
1984466
1979834
2018455
2047640
2072536
2008465
2023052
2027976
2027978
2156103
2156109
2041679
2044508
2083830
2086504
2089196
2091104
2181944
2078862
2171529
2186066
2176358
1991582
2067998
2157504
2083829
2097428
2171537
2158253
1986346
2004355
2013155
2026740
2028741
2051995
2056021
2150291
2083825
2173005
2008909
2033577
2184008
2184011
2184012
1987984
2026063
2033443
2033448
2048415
2006471
2047643
2074855
2083828
2067999
2007551
2024502
2053515
2075341
2083826
2152051
2159376
2171541
2175720
2175721
2041680
2176688
2155762
1995385
1973440
2167336
2152018
2046382
2150809
2183382
2028745
2172980
2067750
2035743
2045902
2062483
2067222
2091507
2092037
2092563
2056011
2056758
2110861
2150807
2164076
2184612
2186721
2187693
2189416
2189417
2189418
2202499
1987947
2034946
2035739
2043958
2044442
1987944
2071819
2105773
2105830
2047642
2171594
2143671
2174256
