1998257
2043223
2015366
2067771
2067690
2065084
2065054
2148393
2099086
2097241
2091478
2085920
2070759
2178302
2170818
2167768
2165341
2158575
2157515
2155894
2149887
2148262
2193230
2191229
2190120
2188805
2184618
2184616
2181918
2181737
2181236
2180116
2177897
2172189
2037740
1913997
1834713
1228207
2102596
2072322
2225768
2224571
1168305
2231142
2230081
2000527
1998743
1996537
2035967
2032084
2031147
2068305
2066186
2050951
2043459
2036012
2035076
2108762
2108748
2102113
2102104
2100089
2098428
2096055
2092335
2076693
2071818
2055777
2177493
2177486
2173971
2169539
2165272
2164670
2163516
2154061
2152990
2151606
2144985
2143590
2111415
2105556
2102128
2194988
2191309
2189620
2187444
2187301
2186805
2181792
2181537
2179657
2176678
2175847
2175590
2174938
2174116
2174016
2171744
2171510
2152542
1922349
1431590
2039405
1934285
1707908
1538478
1217736
837432
1929201
2228990
2227165
2224061
2223019
2222195
2221365
2219758
2216303
2218251
2007138
1969935
2037604
2058114
2143444
2093051
2086991
2068015
2166574
2161437
2152032
2110965
2108764
2193370
2177273
2177247
1361399
1569976
1992647
2225038
2011147
2006283
2000494
2037727
2021384
2020941
2070153
2065003
2060733
2051424
2046367
2035074
2034228
2143837
2112749
2111950
2101993
2099413
2098566
2092542
2081220
2076088
2073938
2072050
2175065
2165271
2164750
2164745
2164259
2156588
2154055
2153793
2104754
2104752
2097438
2086463
1980585
2198078
2189680
2186300
2182101
2181532
2179794
2173738
2171513
2171086
2170222
2167345
2151322
1898033
1812837
1659475
2058874
2040834
1910574
1898035
1893406
1542763
1187219
2030486
2229760
2229625
2222267
2222071
2221143
1839155
290893
1187219
2006451
2004274
2000367
1987154
2042144
2033577
2016401
2072564
2062311
2055783
2052287
2040694
2085356
2075341
2048424
2171445
2164522
2161576
2159078
2158760
2156369
2156367
2151294
2148252
2147900
2147495
2145995
2143631
2122196
2097428
2191090
2188053
2180351
2178689
2173698
2170776
2167336
1982348
1953460
2044079
2201663
1955967
2227675
2223923